 1000|        0.007772000000$        0.000000000000|200
 1500|        0.018763000000$        0.000000000000|200
 2000|        0.035358000000$        0.000000000000|200
 2500|        0.063595000000$        0.000000000000|200
 3000|        0.097376000000$        0.000000000000|200
 3500|        0.134125000000$        0.000000000000|200
 4000|        0.207831000000$        0.000000000000|200
 4500|        0.224489000000$        0.000000000000|200
 5000|        0.280097000000$        0.000000000000|200
 5500|        0.351149000000$        0.000000000000|200
 6000|        0.414748000000$        0.000000000000|200
 6500|        0.520343000000$        0.000000000000|200
 7000|        0.595040000000$        0.000000000000|200
 7500|        0.753041000000$        0.000000000000|200
 8000|        1.858565000000$        0.000000000000|200
 8500|        1.095066000000$        0.000000000000|200
 9000|        1.213283000000$        0.000000000000|200
 9500|        1.491897000000$        0.000000000000|200
10000|        1.888908000000$        0.000000000000|200
10500|        2.063259000000$        0.000000000000|200
11000|        2.099337000000$        0.000000000000|200
11500|        2.750437000000$        0.000000000000|200
12000|        4.620959000000$        0.000000000000|200
12500|        3.506785000000$        0.000000000000|200
13000|        3.907845000000$        0.000000000000|200
13500|        4.502400000000$        0.000000000000|200
14000|        5.628662000000$        0.000000000000|200
14500|        5.494791000000$        0.000000000000|200
15000|        5.929203000000$        0.000000000000|200
15500|        6.847165000000$        0.000000000000|200
16000|        8.951972000000$        0.000000000000|200
16500|        8.066169000000$        0.000000000000|200
17000|        8.517144000000$        0.000000000000|200
17500|        9.783046000000$        0.000000000000|200
18000|       11.389560000000$        0.000000000000|200
18500|       11.580273000000$        0.000000000000|200
19000|       12.273575000000$        0.000000000000|200
19500|       13.395886000000$        0.000000000000|200
20000|       16.189209000000$        0.000000000000|200
