 1000|        0.004046000000$        0.000000000000|200
 1500|        0.009026000000$        0.000000000000|200
 2000|        0.016084000000$        0.000000000000|200
 2500|        0.028378000000$        0.000000000000|200
 3000|        0.038156000000$        0.000000000000|200
 3500|        0.049466000000$        0.000000000000|200
 4000|        0.065178000000$        0.000000000000|200
 4500|        0.081680000000$        0.000000000000|200
 5000|        0.100701000000$        0.000000000000|200
 5500|        0.121899000000$        0.000000000000|200
 6000|        0.147356000000$        0.000000000000|200
 6500|        0.171948000000$        0.000000000000|200
 7000|        0.198362000000$        0.000000000000|200
 7500|        0.227508000000$        0.000000000000|200
 8000|        0.258721000000$        0.000000000000|200
 8500|        0.292089000000$        0.000000000000|200
 9000|        0.327938000000$        0.000000000000|200
 9500|        0.365330000000$        0.000000000000|200
10000|        0.404079000000$        0.000000000000|200
10500|        0.446403000000$        0.000000000000|200
11000|        0.488807000000$        0.000000000000|200
11500|        0.535075000000$        0.000000000000|200
12000|        0.582315000000$        0.000000000000|200
12500|        0.630779000000$        0.000000000000|200
13000|        0.682880000000$        0.000000000000|200
13500|        0.736318000000$        0.000000000000|200
14000|        0.791234000000$        0.000000000000|200
14500|        0.848844000000$        0.000000000000|200
15000|        0.907997000000$        0.000000000000|200
15500|        0.972201000000$        0.000000000000|200
16000|        1.038933000000$        0.000000000000|200
16500|        1.103990000000$        0.000000000000|200
17000|        1.165734000000$        0.000000000000|200
17500|        1.238118000000$        0.000000000000|200
18000|        1.307333000000$        0.000000000000|200
18500|        1.381415000000$        0.000000000000|200
19000|        1.456982000000$        0.000000000000|200
19500|        1.536023000000$        0.000000000000|200
20000|        1.613972000000$        0.000000000000|200
